1024
-9.48676900924816380e-20
8.26704156520197131e-19
-7.45388993583784298e-19
8.57421863622349336e-04
5.47522097105179739e-18
3.11175199726686225e-03
-1.78893358460108232e-18
2.77443370991709189e-03
7.96998465981848744e-03
2.19008838842071896e-17
7.62426705097865066e-03
3.01408203950970233e-17
1.43680106349259769e-02
1.70627268609015934e-02
2.99621414829842996e-02
-4.87890977618476995e-18
6.33276825424135270e-03
1.54878327633520482e-02
-9.97465998686664079e-18
1.14731004016526746e-02
2.54729901718919322e-02
2.91457164503702224e-02
4.70955629249984256e-02
4.34290622785086719e-02
6.49552488520874771e-02
3.20923843055709312e-17
2.23794643172273641e-02
4.90059381963448004e-17
3.00329872745450990e-02
4.49273269853439072e-02
5.90536037624676130e-02
8.84708972748171618e-17
3.55474557009085798e-02
8.02309607639273281e-17
3.75559208519812213e-02
6.91693480180062825e-02
7.28439270024056063e-02
6.71373996547843244e-02
8.56757007465649978e-02
8.77623998753209872e-02
1.08239006701754487e-01
9.88098686906702522e-02
1.03558742894050412e-01
1.22511865894968749e-01
1.27635194571428107e-01
-1.21430643318376497e-17
1.76559252311499285e-02
3.69499963509309290e-02
-1.69135538907738692e-17
2.41375785977263925e-02
4.87020173116588517e-02
5.86765532983647212e-02
8.22379459939746871e-02
7.36472390402688054e-02
9.81533464006989070e-02
-2.55871712706579046e-17
3.01837667227171196e-02
5.96694689585585969e-02
-2.47198095326695011e-17
3.51677801551567443e-02
6.90571759365794652e-02
8.76301865666898050e-02
1.13038714204303961e-01
1.00414293547472819e-01
1.28041583358042971e-01
1.05587520775109980e-01
1.25692926766408003e-01
1.20611368304726491e-01
1.38909983862934294e-01
1.39372285597606338e-01
1.44228529134367262e-01
1.50937402690311362e-01
1.55137298528562617e-01
1.34691090124231444e-01
1.51329553933825023e-01
1.50841337554602772e-01
1.67870010834225508e-01
1.61834358864474642e-01
1.65428706763031397e-01
1.78397185927066382e-01
1.81959264765408468e-01
2.94902990916057206e-17
-3.51677801551567720e-02
2.08166817117216851e-17
-3.01837667227171369e-02
-6.90571759365795346e-02
-5.96694689585586246e-02
1.56125112837912638e-17
-2.41375785977263960e-02
-4.87020173116588309e-02
-1.00414293547472874e-01
-8.76301865666898328e-02
-1.28041583358043054e-01
-1.13038714204304058e-01
-7.36472390402687915e-02
-9.81533464006988932e-02
1.30104260698260532e-17
-1.76559252311499076e-02
-3.69499963509308943e-02
7.15573433840432926e-18
-1.14731004016526261e-02
-2.54729901718918558e-02
-5.86765532983647489e-02
-8.22379459939747148e-02
-4.34290622785085748e-02
-6.49552488520872828e-02
-1.50841337554602883e-01
-1.34691090124231527e-01
-1.67870010834225702e-01
-1.51329553933825106e-01
-1.20611368304726574e-01
-1.38909983862934322e-01
-1.78397185927066576e-01
-1.61834358864474809e-01
-1.81959264765408663e-01
-1.65428706763031674e-01
-1.50937402690311667e-01
-1.55137298528562867e-01
-1.05587520775110077e-01
-1.25692926766408031e-01
-8.77623998753208068e-02
-1.08239006701754251e-01
-1.39372285597606393e-01
-1.44228529134367039e-01
-1.22511865894968486e-01
-1.27635194571427857e-01
5.36680075380324695e-18
-6.33276825424132668e-03
-1.54878327633519858e-02
2.87313575708658675e-18
-2.77443370991706587e-03
-7.96998465981842846e-03
-2.91457164503701044e-02
-4.70955629249982660e-02
-1.70627268609015031e-02
-2.99621414829841781e-02
4.54009659728304982e-19
-8.57421863622343156e-04
-3.11175199726683883e-03
-7.62426705097859168e-03
-1.43680106349258988e-02
-6.71373996547841023e-02
-8.56757007465648313e-02
-4.49273269853436574e-02
-5.90536037624673493e-02
-9.88098686906701412e-02
-1.03558742894050412e-01
-6.91693480180060605e-02
-7.28439270024054397e-02
-2.23794643172272358e-02
-3.00329872745449186e-02
-3.55474557009083439e-02
-3.75559208519810200e-02
-1.40946282423115576e-18
-2.49366499671666020e-17
3.03576608295941242e-18
-1.11644978429096143e-02
-5.89805981832114412e-17
-2.50181835988648738e-02
1.88651178012477772e-17
-2.13357320291002218e-02
-4.71661183905358328e-02
-8.41340885848751441e-17
-4.30958670622096779e-02
-8.58688120608519512e-17
-6.50222262742202045e-02
-8.00217517529026312e-02
-1.19184367881059100e-01
3.03576608295941242e-17
-2.96916634775148056e-02
-6.42809880156686025e-02
2.86229373536173171e-17
-3.56952185498171023e-02
-7.53266782935290147e-02
-1.06442013075701752e-01
-1.55173043390787357e-01
-1.20890238189217292e-01
-1.71178600910577849e-01
-1.97758476261356009e-16
-8.84185759893246215e-02
-2.70616862252381907e-16
-1.09512027337096460e-01
-1.60530965950240467e-01
-1.97574679428260208e-01
-2.67147415300428293e-16
-1.24249116432379292e-01
-1.73472347597680709e-16
-1.29544615730731866e-01
-2.23364966157814648e-01
-2.32617639606295279e-01
-2.05626661593963977e-01
-2.50298670212945717e-01
-2.21644453810071251e-01
-2.65456552313475980e-01
-2.81192315818427852e-01
-2.92242352630416202e-01
-2.95411098363379643e-01
-3.06069195507130853e-01
2.99239799605999224e-17
-3.91215433425661022e-02
-8.03870621519758022e-02
3.16587034365767295e-17
-4.00099245880668197e-02
-8.03055397873325139e-02
-1.24628746522832998e-01
-1.70520007340666052e-01
-1.20547011363437595e-01
-1.59374633282746481e-01
3.25260651745651330e-17
-3.85812761036739976e-02
-7.61942740839338939e-02
-1.11734549325695001e-01
-1.43888995577019174e-01
-2.14500532472669703e-01
-2.51518717036895045e-01
-1.94398133964804598e-01
-2.22591263487710717e-01
-2.76358809373262293e-01
-2.85119876114768855e-01
-2.40974459434984356e-01
-2.47368456225042527e-01
-1.71168548301621287e-01
-1.92050815479782144e-01
-2.05198367324804454e-01
-2.09690438892494696e-01
-2.86229373536173171e-17
3.85812761036740115e-02
7.61942740839339216e-02
-3.46944695195361419e-17
4.00099245880668752e-02
8.03055397873326526e-02
1.11734549325695084e-01
1.43888995577019368e-01
1.20547011363437956e-01
1.59374633282746869e-01
-2.99239799605999224e-17
3.91215433425661507e-02
8.03870621519759410e-02
-2.64545330086463082e-17
3.56952185498171093e-02
7.53266782935290286e-02
1.24628746522833234e-01
1.70520007340666330e-01
1.20890238189217153e-01
1.71178600910577766e-01
1.71168548301621426e-01
1.92050815479782228e-01
1.94398133964805236e-01
2.22591263487711410e-01
2.05198367324804509e-01
2.09690438892494641e-01
2.40974459434984967e-01
2.47368456225042999e-01
2.14500532472670341e-01
2.51518717036895878e-01
2.21644453810071307e-01
2.65456552313476257e-01
2.76358809373262848e-01
2.85119876114769411e-01
2.95411098363380142e-01
3.06069195507131353e-01
-2.47198095326695011e-17
2.96916634775147743e-02
6.42809880156685470e-02
-1.79977560632593736e-17
2.13357320291001212e-02
4.71661183905356107e-02
1.06442013075701641e-01
1.55173043390787163e-01
8.00217517529022981e-02
1.19184367881058670e-01
-8.02309607639273281e-18
1.11644978429095189e-02
2.50181835988646448e-02
4.30958670622093587e-02
6.50222262742198714e-02
2.05626661593963811e-01
2.50298670212945551e-01
1.60530965950239690e-01
1.97574679428259403e-01
2.81192315818427852e-01
2.92242352630416424e-01
2.23364966157813594e-01
2.32617639606294613e-01
8.84185759893238721e-02
1.09512027337095502e-01
1.24249116432378334e-01
1.29544615730731172e-01
5.46437894932694235e-17
3.55474557009085590e-02
5.24753851482984146e-17
3.00329872745450990e-02
6.91693480180063380e-02
5.90536037624676061e-02
6.39679281766447616e-17
2.23794643172273849e-02
3.27429056090622339e-17
1.43680106349259977e-02
4.49273269853438795e-02
2.99621414829843412e-02
9.88098686906702661e-02
8.56757007465649839e-02
1.22511865894968791e-01
1.08239006701754445e-01
6.71373996547843244e-02
4.70955629249985158e-02
8.77623998753209039e-02
6.49552488520875743e-02
1.18720137887162736e-17
7.62426705097864719e-03
4.41812385287843057e-18
3.11175199726686138e-03
1.70627268609016142e-02
7.96998465981848397e-03
1.66696084019646307e-18
8.57421863622352047e-04
5.42101086242752217e-20
2.05998412772245842e-18
2.77443370991709449e-03
6.17995238316737527e-18
2.91457164503702432e-02
1.54878327633520378e-02
4.34290622785087482e-02
2.54729901718919703e-02
6.33276825424136137e-03
1.62630325872825665e-17
1.14731004016527041e-02
2.99239799605999224e-17
1.39372285597606366e-01
1.25692926766408003e-01
1.50937402690311445e-01
1.38909983862934239e-01
1.05587520775109939e-01
8.22379459939747981e-02
1.20611368304726574e-01
9.81533464006990319e-02
1.61834358864474642e-01
1.51329553933825023e-01
1.78397185927066271e-01
1.67870010834225453e-01
1.34691090124231500e-01
1.13038714204304114e-01
1.50841337554602717e-01
1.28041583358043165e-01
5.86765532983647559e-02
3.69499963509309151e-02
7.36472390402687777e-02
4.87020173116587962e-02
1.76559252311499527e-02
5.20417042793042128e-17
2.41375785977264237e-02
6.67868538251070731e-17
8.76301865666898050e-02
5.96694689585585344e-02
1.00414293547472819e-01
6.90571759365793819e-02
3.01837667227171438e-02
9.41087485717417849e-17
3.51677801551567512e-02
9.84455572616838026e-17
-1.78397185927066659e-01
-1.61834358864475114e-01
-1.67870010834225730e-01
-1.51329553933825411e-01
-1.50937402690311667e-01
-1.38909983862934350e-01
-1.50841337554602939e-01
-1.34691090124231805e-01
-1.28041583358043276e-01
-1.13038714204304169e-01
-1.20611368304726727e-01
-9.81533464006990597e-02
-1.39372285597606116e-01
-1.25692926766407753e-01
-1.22511865894968555e-01
-1.08239006701754237e-01
-1.05587520775109842e-01
-8.22379459939747703e-02
-8.77623998753206125e-02
-6.49552488520873522e-02
-1.00414293547472916e-01
-8.76301865666898605e-02
-6.90571759365794235e-02
-5.96694689585586177e-02
-7.36472390402688193e-02
-4.87020173116588309e-02
-3.51677801551568067e-02
-3.01837667227171855e-02
-9.02056207507939689e-17
-9.32413868337533813e-17
-2.41375785977264307e-02
-6.57026516526215687e-17
-5.86765532983647559e-02
-3.69499963509308874e-02
-4.34290622785085886e-02
-2.54729901718918766e-02
-1.76559252311499354e-02
-5.55111512312578270e-17
-1.14731004016526417e-02
-2.98155597433513719e-17
-9.88098686906701273e-02
-8.56757007465648035e-02
-6.91693480180060327e-02
-5.90536037624673008e-02
-6.71373996547841301e-02
-4.70955629249983701e-02
-4.49273269853437268e-02
-2.99621414829842544e-02
-3.55474557009083508e-02
-3.00329872745449047e-02
-2.23794643172272184e-02
-1.43680106349259214e-02
-2.91457164503701564e-02
-1.54878327633519927e-02
-1.70627268609015344e-02
-7.96998465981844581e-03
-6.33276825424133969e-03
-1.71303943252709701e-17
-2.77443370991707801e-03
-6.53231808922516421e-18
-7.62426705097860296e-03
-3.11175199726684533e-03
-8.57421863622345433e-04
-1.79232171639009952e-18
-2.60208521396521064e-16
-1.24249116432379347e-01
-2.61943244872497871e-16
-1.09512027337096474e-01
-2.23364966157814676e-01
-1.97574679428260180e-01
-1.90819582357448780e-16
-8.84185759893246215e-02
-8.32667268468867405e-17
-6.50222262742203155e-02
-1.60530965950240440e-01
-1.19184367881059253e-01
-2.81192315818427907e-01
-2.50298670212945662e-01
-2.95411098363379476e-01
-2.65456552313475869e-01
-2.05626661593963977e-01
-1.55173043390787579e-01
-2.21644453810071390e-01
-1.71178600910578099e-01
-8.67361737988403547e-17
-4.30958670622096918e-02
-5.81132364452230377e-17
-2.50181835988648529e-02
-8.00217517529027283e-02
-4.71661183905358189e-02
-2.67797936603919595e-17
-1.11644978429096247e-02
-1.35525271560688054e-18
-2.84060969191202162e-17
-2.13357320291002531e-02
-5.65953534037433315e-17
-1.06442013075701780e-01
-6.42809880156685748e-02
-1.20890238189217014e-01
-7.53266782935288759e-02
-2.96916634775148333e-02
-7.11236625150490909e-17
-3.56952185498171232e-02
-8.02309607639273281e-17
-2.76358809373262293e-01
-2.51518717036895101e-01
-2.40974459434984356e-01
-2.22591263487710522e-01
-2.14500532472670008e-01
-1.70520007340666330e-01
-1.94398133964804543e-01
-1.59374633282746730e-01
-2.05198367324804426e-01
-1.92050815479782061e-01
-1.71168548301621093e-01
-1.43888995577019396e-01
-1.24628746522833067e-01
-8.03870621519757883e-02
-1.20547011363437845e-01
-8.03055397873325555e-02
-3.91215433425661507e-02
-7.80625564189563192e-17
-4.00099245880669030e-02
-6.76542155630954767e-17
-1.11734549325695029e-01
-7.61942740839338384e-02
-3.85812761036740462e-02
-8.32667268468867405e-17
2.05198367324804509e-01
1.92050815479782200e-01
2.40974459434984689e-01
2.22591263487711133e-01
1.71168548301621426e-01
1.43888995577019591e-01
1.94398133964805153e-01
1.59374633282747091e-01
2.76358809373262793e-01
2.51518717036895767e-01
2.95411098363380198e-01
2.65456552313476257e-01
2.14500532472670202e-01
1.70520007340666524e-01
2.21644453810071362e-01
1.71178600910577960e-01
1.11734549325695168e-01
7.61942740839339078e-02
1.20547011363438136e-01
8.03055397873327081e-02
3.85812761036740462e-02
1.17961196366422882e-16
4.00099245880669585e-02
1.13190706807486663e-16
1.24628746522833206e-01
8.03870621519759132e-02
1.20890238189217097e-01
7.53266782935289592e-02
3.91215433425662062e-02
1.12757025938492461e-16
3.56952185498171509e-02
8.28330459778925388e-17
2.81192315818427963e-01
2.50298670212945551e-01
2.23364966157813871e-01
1.97574679428259403e-01
2.05626661593963866e-01
1.55173043390787385e-01
1.60530965950239801e-01
1.19184367881058920e-01
1.24249116432378431e-01
1.09512027337095544e-01
8.84185759893239137e-02
6.50222262742199686e-02
1.06442013075701697e-01
6.42809880156685193e-02
8.00217517529023675e-02
4.71661183905355968e-02
2.96916634775148090e-02
6.72205346941012749e-17
2.13357320291001420e-02
4.94396190653390022e-17
4.30958670622093795e-02
2.50181835988646517e-02
1.11644978429095362e-02
2.43945488809238498e-17
-7.58941520739853104e-19
-8.57421863622339579e-04
-4.44522890719056818e-18
-3.11175199726683709e-03
-2.77443370991706413e-03
-7.96998465981842673e-03
-1.53956708492941630e-17
-7.62426705097862291e-03
-2.86229373536173171e-17
-1.43680106349259214e-02
-1.70627268609015378e-02
-2.99621414829841608e-02
-6.33276825424130239e-03
-1.54878327633519459e-02
-1.14731004016526122e-02
-2.54729901718918211e-02
-2.91457164503701113e-02
-4.70955629249981966e-02
-4.34290622785085401e-02
-6.49552488520872412e-02
-3.38271077815477383e-17
-2.23794643172273364e-02
-4.03323208164607649e-17
-3.00329872745451129e-02
-4.49273269853438725e-02
-5.90536037624677379e-02
-8.89045781438113636e-17
-3.55474557009086006e-02
-8.76035355368287583e-17
-3.75559208519812560e-02
-6.91693480180063103e-02
-7.28439270024055646e-02
-6.71373996547842689e-02
-8.56757007465653170e-02
-8.77623998753210149e-02
-1.08239006701754945e-01
-9.88098686906703494e-02
-1.03558742894050343e-01
-1.22511865894968930e-01
-1.27635194571427996e-01
-1.76559252311497897e-02
-3.69499963509307139e-02
-2.41375785977261982e-02
-4.87020173116585603e-02
-5.86765532983645616e-02
-8.22379459939744095e-02
-7.36472390402687221e-02
-9.81533464006986711e-02
-3.01837667227168940e-02
-5.96694689585583193e-02
-3.51677801551565292e-02
-6.90571759365792848e-02
-8.76301865666897495e-02
-1.13038714204303947e-01
-1.00414293547472819e-01
-1.28041583358042971e-01
-1.05587520775110050e-01
-1.25692926766408558e-01
-1.20611368304726421e-01
-1.38909983862934627e-01
-1.39372285597606477e-01
-1.44228529134367150e-01
-1.50937402690311501e-01
-1.55137298528562451e-01
-1.34691090124231416e-01
-1.51329553933825356e-01
-1.50841337554602606e-01
-1.67870010834225675e-01
-1.61834358864474837e-01
-1.65428706763031341e-01
-1.78397185927066604e-01
-1.81959264765408635e-01
3.51677801551566194e-02
3.01837667227169149e-02
6.90571759365793819e-02
5.96694689585584026e-02
2.41375785977262017e-02
4.87020173116585464e-02
1.00414293547472722e-01
8.76301865666897911e-02
1.28041583358042749e-01
1.13038714204303892e-01
7.36472390402687360e-02
9.81533464006987683e-02
1.76559252311497515e-02
3.69499963509306584e-02
1.14731004016525549e-02
2.54729901718917483e-02
5.86765532983645338e-02
8.22379459939744650e-02
4.34290622785084290e-02
6.49552488520871996e-02
1.50841337554602772e-01
1.34691090124231555e-01
1.67870010834225869e-01
1.51329553933825300e-01
1.20611368304726407e-01
1.38909983862934461e-01
1.78397185927066798e-01
1.61834358864475003e-01
1.81959264765408912e-01
1.65428706763031813e-01
1.50937402690311584e-01
1.55137298528562673e-01
1.05587520775109966e-01
1.25692926766408253e-01
8.77623998753208900e-02
1.08239006701754695e-01
1.39372285597606393e-01
1.44228529134366956e-01
1.22511865894968736e-01
1.27635194571427746e-01
6.33276825424128158e-03
1.54878327633519060e-02
2.77443370991704939e-03
7.96998465981839377e-03
2.91457164503700593e-02
4.70955629249982452e-02
1.70627268609014893e-02
2.99621414829841434e-02
8.57421863622335784e-04
3.11175199726682235e-03
7.62426705097858648e-03
1.43680106349258624e-02
6.71373996547842411e-02
8.56757007465650811e-02
4.49273269853437546e-02
5.90536037624676061e-02
9.88098686906702384e-02
1.03558742894050329e-01
6.91693480180061993e-02
7.28439270024053842e-02
2.23794643172272462e-02
3.00329872745450747e-02
3.55474557009084410e-02
3.75559208519810131e-02
1.01915004213637417e-17
1.11644978429095189e-02
3.29597460435593348e-17
2.50181835988647176e-02
2.13357320291000727e-02
4.71661183905356246e-02
5.03069808033274057e-17
4.30958670622095461e-02
3.90312782094781596e-17
6.50222262742200241e-02
8.00217517529025618e-02
1.19184367881058906e-01
2.96916634775146251e-02
6.42809880156683389e-02
3.56952185498169497e-02
7.53266782935288065e-02
1.06442013075701669e-01
1.55173043390787052e-01
1.20890238189217139e-01
1.71178600910577433e-01
6.41847686111418625e-17
8.84185759893240664e-02
6.93889390390722838e-17
1.09512027337095794e-01
1.60530965950239912e-01
1.97574679428260097e-01
1.02348685082631619e-16
1.24249116432378875e-01
1.33573707650214146e-16
1.29544615730731755e-01
2.23364966157814926e-01
2.32617639606295196e-01
2.05626661593963478e-01
2.50298670212945662e-01
2.21644453810070613e-01
2.65456552313475924e-01
2.81192315818428185e-01
2.92242352630416091e-01
2.95411098363379976e-01
3.06069195507130576e-01
3.91215433425660189e-02
8.03870621519758854e-02
4.00099245880667920e-02
8.03055397873326526e-02
1.24628746522833345e-01
1.70520007340666246e-01
1.20547011363438039e-01
1.59374633282746675e-01
3.85812761036738588e-02
7.61942740839338106e-02
1.11734549325694835e-01
1.43888995577018952e-01
2.14500532472670036e-01
2.51518717036895878e-01
1.94398133964805209e-01
2.22591263487711521e-01
2.76358809373262793e-01
2.85119876114768689e-01
2.40974459434984550e-01
2.47368456225042332e-01
1.71168548301621204e-01
1.92050815479782366e-01
2.05198367324804731e-01
2.09690438892494696e-01
-3.85812761036737201e-02
-7.61942740839335608e-02
-4.00099245880665422e-02
-8.03055397873321808e-02
-1.11734549325695071e-01
-1.43888995577019285e-01
-1.20547011363437859e-01
-1.59374633282746619e-01
-3.91215433425658107e-02
-8.03870621519754414e-02
-3.56952185498169566e-02
-7.53266782935286816e-02
-1.24628746522833012e-01
-1.70520007340666080e-01
-1.20890238189216945e-01
-1.71178600910577572e-01
-1.71168548301621454e-01
-1.92050815479782422e-01
-1.94398133964805181e-01
-2.22591263487711771e-01
-2.05198367324804704e-01
-2.09690438892494863e-01
-2.40974459434984994e-01
-2.47368456225042943e-01
-2.14500532472670147e-01
-2.51518717036896322e-01
-2.21644453810071196e-01
-2.65456552313476535e-01
-2.76358809373263126e-01
-2.85119876114769077e-01
-2.95411098363380420e-01
-3.06069195507130964e-01
-2.96916634775146390e-02
-6.42809880156682417e-02
-2.13357320291000206e-02
-4.71661183905354234e-02
-1.06442013075701419e-01
-1.55173043390786913e-01
-8.00217517529021871e-02
-1.19184367881058628e-01
-1.11644978429094720e-02
-2.50181835988645337e-02
-4.30958670622092893e-02
-6.50222262742198992e-02
-2.05626661593963700e-01
-2.50298670212946051e-01
-1.60530965950239746e-01
-1.97574679428259820e-01
-2.81192315818428185e-01
-2.92242352630416202e-01
-2.23364966157814065e-01
-2.32617639606294391e-01
-8.84185759893238304e-02
-1.09512027337095599e-01
-1.24249116432378473e-01
-1.29544615730731089e-01
-5.37764277552810199e-17
-3.55474557009085174e-02
-4.68375338513737915e-17
-3.00329872745451407e-02
-6.91693480180062964e-02
-5.90536037624677101e-02
-5.61616725347491297e-17
-2.23794643172274127e-02
-3.18755438710738304e-17
-1.43680106349259804e-02
-4.49273269853439558e-02
-2.99621414829843065e-02
-9.88098686906701690e-02
-8.56757007465651643e-02
-1.22511865894968625e-01
-1.08239006701754625e-01
-6.71373996547844631e-02
-4.70955629249984534e-02
-8.77623998753210566e-02
-6.49552488520874910e-02
-1.38235776991901815e-17
-7.62426705097865674e-03
-4.82469966756049473e-18
-3.11175199726687656e-03
-1.70627268609016350e-02
-7.96998465981852214e-03
-1.85330808859240914e-18
-8.57421863622355191e-04
-2.77443370991710143e-03
-2.91457164503702605e-02
-1.54878327633521107e-02
-4.34290622785087552e-02
-2.54729901718920536e-02
-6.33276825424138046e-03
-1.14731004016527301e-02
-1.39372285597606227e-01
-1.25692926766408142e-01
-1.50937402690311306e-01
-1.38909983862934516e-01
-1.05587520775110064e-01
-8.22379459939746732e-02
-1.20611368304726699e-01
-9.81533464006988376e-02
-1.61834358864474476e-01
-1.51329553933825162e-01
-1.78397185927066410e-01
-1.67870010834225453e-01
-1.34691090124231611e-01
-1.13038714204303933e-01
-1.50841337554602661e-01
-1.28041583358042943e-01
-5.86765532983647559e-02
-3.69499963509310539e-02
-7.36472390402687915e-02
-4.87020173116589697e-02
-1.76559252311499944e-02
-2.41375785977264549e-02
-8.76301865666898050e-02
-5.96694689585587495e-02
-1.00414293547472819e-01
-6.90571759365796456e-02
-3.01837667227172202e-02
-3.51677801551568622e-02
1.78397185927066576e-01
1.61834358864475003e-01
1.67870010834225730e-01
1.51329553933825606e-01
1.50937402690311501e-01
1.38909983862934572e-01
1.50841337554603105e-01
1.34691090124231916e-01
1.28041583358043082e-01
1.13038714204304017e-01
1.20611368304726713e-01
9.81533464006988376e-02
1.39372285597605977e-01
1.25692926766407975e-01
1.22511865894968416e-01
1.08239006701754459e-01
1.05587520775109994e-01
8.22379459939746316e-02
8.77623998753208068e-02
6.49552488520872828e-02
1.00414293547472888e-01
8.76301865666898605e-02
6.90571759365796595e-02
5.96694689585587912e-02
7.36472390402688470e-02
4.87020173116589905e-02
3.51677801551568830e-02
3.01837667227172410e-02
2.41375785977264862e-02
5.86765532983647559e-02
3.69499963509310192e-02
4.34290622785085956e-02
2.54729901718919668e-02
1.76559252311499701e-02
1.14731004016526660e-02
9.88098686906700441e-02
8.56757007465649700e-02
6.91693480180059772e-02
5.90536037624674048e-02
6.71373996547842133e-02
4.70955629249982938e-02
4.49273269853437129e-02
2.99621414829841955e-02
3.55474557009083231e-02
3.00329872745449741e-02
2.23794643172272670e-02
1.43680106349259023e-02
2.91457164503701634e-02
1.54878327633520517e-02
1.70627268609015552e-02
7.96998465981848224e-03
6.33276825424135530e-03
2.77443370991708755e-03
7.62426705097860730e-03
3.11175199726685921e-03
8.57421863622347818e-04
1.07552855510562040e-16
1.24249116432378695e-01
1.19695919842399690e-16
1.09512027337096099e-01
2.23364966157814565e-01
1.97574679428260513e-01
8.06646416329215299e-17
8.84185759893243162e-02
4.07660016854549667e-17
6.50222262742200796e-02
1.60530965950240745e-01
1.19184367881059058e-01
2.81192315818428129e-01
2.50298670212946439e-01
2.95411098363379421e-01
2.65456552313476535e-01
2.05626661593964560e-01
1.55173043390787441e-01
2.21644453810071418e-01
1.71178600910577766e-01
3.94649590784723614e-17
4.30958670622095183e-02
2.14672030152129878e-17
2.50181835988648182e-02
8.00217517529025757e-02
4.71661183905359022e-02
9.86623976961809035e-18
1.11644978429095987e-02
2.13357320291003016e-02
1.06442013075701919e-01
6.42809880156688801e-02
1.20890238189217333e-01
7.53266782935293477e-02
2.96916634775149686e-02
3.56952185498172550e-02
2.76358809373262071e-01
2.51518717036896045e-01
2.40974459434984217e-01
2.22591263487711244e-01
2.14500532472670508e-01
1.70520007340666302e-01
1.94398133964805098e-01
1.59374633282746508e-01
2.05198367324804204e-01
1.92050815479781978e-01
1.71168548301621093e-01
1.43888995577018841e-01
1.24628746522833386e-01
8.03870621519762601e-02
1.20547011363437859e-01
8.03055397873327637e-02
3.91215433425662618e-02
4.00099245880669654e-02
1.11734549325694793e-01
7.61942740839339494e-02
3.85812761036741156e-02
-2.05198367324804454e-01
-1.92050815479782450e-01
-2.40974459434984606e-01
-2.22591263487711688e-01
-1.71168548301621565e-01
-1.43888995577019341e-01
-1.94398133964805597e-01
-1.59374633282746814e-01
-2.76358809373262237e-01
-2.51518717036896045e-01
-2.95411098363379754e-01
-2.65456552313476535e-01
-2.14500532472670508e-01
-1.70520007340666163e-01
-2.21644453810071418e-01
-1.71178600910577738e-01
-1.11734549325695154e-01
-7.61942740839341714e-02
-1.20547011363438053e-01
-8.03055397873329163e-02
-3.85812761036741503e-02
-4.00099245880670210e-02
-1.24628746522833192e-01
-8.03870621519761075e-02
-1.20890238189217125e-01
-7.53266782935291812e-02
-3.91215433425662687e-02
-3.56952185498172342e-02
-2.81192315818427963e-01
-2.50298670212946051e-01
-2.23364966157813427e-01
-1.97574679428259681e-01
-2.05626661593964172e-01
-1.55173043390787219e-01
-1.60530965950240023e-01
-1.19184367881058670e-01
-1.24249116432378209e-01
-1.09512027337095502e-01
-8.84185759893239970e-02
-6.50222262742199408e-02
-1.06442013075701794e-01
-6.42809880156687552e-02
-8.00217517529023675e-02
-4.71661183905357842e-02
-2.96916634775149027e-02
-2.13357320291002114e-02
-4.30958670622093448e-02
-2.50181835988647350e-02
-1.11644978429095570e-02
