256
5.96311194867027439e-19
2.42861286636752993e-17
-1.43114686768086585e-17
3.74420653167207643e-02
8.32667268468867405e-17
1.21452277506018461e-01
-4.51028103753969845e-17
1.04390896384201043e-01
2.55368815585061359e-01
1.87350135405495166e-16
2.26976953687617250e-01
1.66533453693773481e-16
2.76296181837872745e-01
4.15288955816550343e-01
4.86105223378191287e-01
-9.02056207507939689e-17
1.89116499232927421e-01
3.80804154101398340e-01
-1.52655665885959024e-16
2.64853938065980121e-01
4.95401714298160156e-01
5.38521591923272980e-01
6.01263255935056029e-01
6.55133095949674615e-01
7.12634721842975383e-01
9.02056207507939689e-17
-2.64853938065980121e-01
1.09287578986538847e-16
-1.89116499232927449e-01
-4.95401714298160045e-01
-3.80804154101398451e-01
5.37764277552810199e-17
-1.04390896384200876e-01
-2.55368815585061137e-01
-6.55133095949674726e-01
-5.38521591923273313e-01
-7.12634721842976493e-01
-6.01263255935056140e-01
-4.15288955816550232e-01
-4.86105223378190843e-01
1.59377719355369152e-17
-3.74420653167206463e-02
-1.21452277506018072e-01
-2.26976953687616723e-01
-2.76296181837872301e-01
-1.04083408558608426e-17
-2.25514051876984922e-16
9.71445146547011973e-17
-1.91563365416656001e-01
-4.23272528138340931e-16
-4.62837625343295200e-01
2.22044604925031308e-16
-2.99082609501753249e-01
-6.60542309721292020e-01
-8.60422844084496319e-16
-7.46978125207030663e-01
-7.49400541621980665e-16
-8.72300607673919148e-01
-1.00403094510241253e+00
-1.14996730657674151e+00
1.56125112837912638e-16
-3.11420622146802384e-01
-6.14469486128672804e-01
-8.53850257655207612e-01
-9.47069497991494980e-01
-1.73472347597680709e-16
3.11420622146802661e-01
6.14469486128673803e-01
-1.56125112837912638e-16
2.99082609501753360e-01
6.60542309721292131e-01
8.53850257655208944e-01
9.47069497991495424e-01
1.00403094510241342e+00
1.14996730657674306e+00
-1.02348685082631619e-16
1.91563365416655501e-01
4.62837625343293868e-01
7.46978125207028665e-01
8.72300607673918038e-01
1.97758476261356009e-16
2.26976953687617222e-01
6.76542155630954767e-17
1.21452277506018488e-01
4.15288955816550343e-01
2.55368815585061470e-01
1.76724954115137223e-17
3.74420653167208059e-02
6.50521303491302660e-19
3.07913416985883259e-17
1.04390896384201098e-01
9.71445146547011973e-17
5.38521591923272869e-01
3.80804154101398451e-01
6.55133095949674504e-01
4.95401714298160212e-01
1.89116499232927504e-01
2.01227923213309623e-16
2.64853938065980232e-01
2.01227923213309623e-16
-6.55133095949675059e-01
-5.38521591923273202e-01
-4.95401714298160212e-01
-3.80804154101398507e-01
-4.15288955816549898e-01
-2.55368815585061137e-01
-2.64853938065980232e-01
-1.89116499232927560e-01
-1.90819582357448780e-16
-2.08166817117216851e-16
-1.04390896384200890e-01
-9.88792381306780044e-17
-2.26976953687616667e-01
-1.21452277506018128e-01
-3.74420653167206810e-02
-2.79724160501260144e-17
-9.02056207507939689e-16
-7.46978125207030441e-01
-4.37150315946155388e-16
-4.62837625343295256e-01
-1.00403094510241231e+00
-6.60542309721292020e-01
-2.15105711021124080e-16
-1.91563365416656195e-01
-9.54097911787243902e-18
-1.76941794549634324e-16
-2.99082609501753360e-01
-2.01227923213309623e-16
-8.53850257655207723e-01
-6.14469486128672915e-01
-3.11420622146802439e-01
-2.18575157973077694e-16
8.53850257655208500e-01
6.14469486128673914e-01
1.00403094510241320e+00
6.60542309721292242e-01
3.11420622146802939e-01
3.95516952522712018e-16
2.99082609501753638e-01
3.19189119579732505e-16
7.46978125207028554e-01
4.62837625343293979e-01
1.91563365416655640e-01
1.70002900645727095e-16
-8.67361737988403547e-19
-3.74420653167206255e-02
-2.42861286636752993e-17
-1.21452277506018322e-01
-1.04390896384200696e-01
-2.55368815585061193e-01
-1.73472347597680709e-17
-2.26976953687617278e-01
-1.07552855510562040e-16
-2.76296181837872801e-01
-4.15288955816550676e-01
-4.86105223378191287e-01
-1.89116499232926893e-01
-3.80804154101398284e-01
-2.64853938065979733e-01
-4.95401714298160101e-01
-5.38521591923273202e-01
-6.01263255935056029e-01
-6.55133095949674837e-01
-7.12634721842975938e-01
2.64853938065979788e-01
1.89116499232926893e-01
4.95401714298159990e-01
3.80804154101398284e-01
1.04390896384200557e-01
2.55368815585060971e-01
6.55133095949674837e-01
5.38521591923273313e-01
7.12634721842976604e-01
6.01263255935056251e-01
4.15288955816550287e-01
4.86105223378190898e-01
3.74420653167205630e-02
1.21452277506018155e-01
2.26976953687617139e-01
2.76296181837872523e-01
1.45716771982051796e-16
1.91563365416655501e-01
2.98372437868010820e-16
4.62837625343294035e-01
2.99082609501753083e-01
6.60542309721291687e-01
4.30211422042248159e-16
7.46978125207029220e-01
6.24500451351650554e-16
8.72300607673919037e-01
1.00403094510241275e+00
1.14996730657674173e+00
3.11420622146802273e-01
6.14469486128673248e-01
8.53850257655208611e-01
9.47069497991494980e-01
-3.11420622146801829e-01
-6.14469486128673692e-01
-2.99082609501752750e-01
-6.60542309721291687e-01
-8.53850257655209499e-01
-9.47069497991495757e-01
-1.00403094510241342e+00
-1.14996730657674306e+00
-1.91563365416655168e-01
-4.62837625343293535e-01
-7.46978125207028776e-01
-8.72300607673918038e-01
-1.80411241501587938e-16
-2.26976953687617333e-01
-7.71951946809679157e-17
-1.21452277506018586e-01
-4.15288955816550509e-01
-2.55368815585061637e-01
-1.58293517182883647e-17
-3.74420653167208406e-02
-1.04390896384201182e-01
-5.38521591923272980e-01
-3.80804154101398507e-01
-6.55133095949674393e-01
-4.95401714298160045e-01
-1.89116499232927643e-01
-2.64853938065980510e-01
6.55133095949674282e-01
5.38521591923273202e-01
4.95401714298159379e-01
3.80804154101398729e-01
4.15288955816550009e-01
2.55368815585061304e-01
2.64853938065980121e-01
1.89116499232927698e-01
1.04390896384201015e-01
2.26976953687616750e-01
1.21452277506018197e-01
3.74420653167207296e-02
5.55111512312578270e-16
7.46978125207030330e-01
2.91433543964103592e-16
4.62837625343295422e-01
1.00403094510241386e+00
6.60542309721293464e-01
1.43982048506074989e-16
1.91563365416656251e-01
2.99082609501754138e-01
8.53850257655207612e-01
6.14469486128673137e-01
3.11420622146802828e-01
-8.53850257655208722e-01
-6.14469486128673914e-01
-1.00403094510241342e+00
-6.60542309721292464e-01
-3.11420622146803106e-01
-2.99082609501753693e-01
-7.46978125207028887e-01
-4.62837625343294257e-01
-1.91563365416655751e-01
