64
-1.04083408558608426e-17
2.63677968348474678e-16
-9.71445146547011973e-17
9.36306219260426564e-01
2.77555756156289135e-16
1.61295811529187816e+00
-1.11022302462515654e-16
1.74534952873397953e+00
2.57040059805408516e+00
2.49800180540660222e-16
-1.74534952873397864e+00
6.93889390390722838e-17
-9.36306219260426120e-01
-2.57040059805408472e+00
-1.61295811529187771e+00
-5.55111512312578270e-17
-1.11022302462515654e-15
1.66533453693773481e-16
-2.25759802740096660e+00
-1.22124532708767219e-15
-3.63222317897654268e+00
-1.11022302462515654e-16
2.25759802740096571e+00
3.63222317897654223e+00
3.19189119579732505e-16
9.36306219260426675e-01
-8.67361737988403547e-18
2.91433543964103592e-16
1.74534952873397931e+00
4.16333634234433703e-16
-1.74534952873397886e+00
-9.36306219260426453e-01
-2.49800180540660222e-16
-3.60822483003175876e-16
-1.22124532708767219e-15
-2.25759802740096749e+00
5.55111512312578270e-17
-4.71844785465691530e-16
2.25759802740096660e+00
8.88178419700125232e-16
-1.80411241501587938e-16
-9.36306219260426120e-01
-1.66533453693773481e-16
-1.61295811529187860e+00
-1.74534952873397931e+00
-2.57040059805408516e+00
1.74534952873397931e+00
9.36306219260425898e-01
2.57040059805408516e+00
1.61295811529187816e+00
2.77555756156289135e-16
2.25759802740096660e+00
5.55111512312578270e-16
3.63222317897654268e+00
-2.25759802740096571e+00
-3.63222317897654268e+00
-2.91433543964103592e-16
-9.36306219260426897e-01
-1.74534952873397975e+00
1.74534952873397908e+00
9.36306219260426564e-01
1.02695629777826980e-15
2.25759802740096660e+00
-2.25759802740096616e+00
